nombre: asda
vigas:
  - tipo: larga
    pos_x: 24.739130434782609
    pos_y: 25.449999999999999
    angulo: 0
  - tipo: larga
    pos_x: 24.739130434782609
    pos_y: 25.449999999999999
    angulo: 45
gusanos:
  - pos_x: 22.456521739130434
    pos_y: 29.75
    direccion: 0
  - pos_x: 26.456521739130434
    pos_y: 29.850000000000001
    direccion: 0