nombre: limite
vigas:
  - tipo: larga
    pos_x: 24.739130434782609
    pos_y: 28.449999999999999
    angulo: 0
  - tipo: corta
    pos_x: 20.195652173913043
    pos_y: 28.100000000000001
    angulo: 0
  - tipo: larga
    pos_x: 15.695652173913043
    pos_y: 28.649999999999999
    angulo: 0
gusanos:
  - pos_x: 21.021739130434781
    pos_y: 29.199999999999999
    direccion: 0
  - pos_x: 18.108695652173914
    pos_y: 29.899999999999999
    direccion: 0